63 19 33 33 90 11 89 27 84 68
29 48 52 57 67 33 52 6 93 59
9 71 17 58 97 36 16 77 39 67
44 91 48 56 47 14 43 44 1 10
83 91 57 25 48 33 50 14 82 21
26 30 91 24 26 45 82 39 10 43
20 57 93 16 68 98 76 27 42 91
23 91 60 61 22 65 4 74 76 25
20 54 61 86 69 91 17 20 45 67
9 6 55 56 65 22 59 34 34 12
20 50 87 28 35 35 8 55 79 98
63 82 74 52 71 90 53 75 18 31
87 95 89 90 48 53 21 19 55 68
80 47 25 1 68 16 76 62 17 11
69 55 10 28 12 30 80 21 38 98
2 29 99 62 91 55 55 63 25 12
82 18 75 5 65 13 36 9 2 74
30 6 41 95 82 20 13 50 40 59
71 31 96 58 1 57 69 24 77 12
96 96 68 62 99 2 57 35 90 39
86 58 53 57 100 25 67 46 33 8
28 41 87 80 91 25 52 85 55 77
66 31 55 70 67 9 62 36 56 21
69 49 74 12 3 3 16 65 54 23
20 96 68 97 79 9 72 32 99 19
14 55 58 72 70 90 30 30 53 55
100 73 41 53 6 61 31 70 52 91
93 65 97 8 32 24 13 38 80 99
63 88 32 1 41 65 93 36 80 63
82 80 58 22 82 14 75 37 48 71
29 81 45 16 60 55 79 41 35 31
65 30 81 11 60 1 42 61 35 55
26 16 64 87 82 92 63 92 45 71
47 8 77 5 24 3 28 61 94 8
88 60 91 67 30 99 46 30 81 84
67 82 74 10 31 38 3 82 84 58
69 55 83 25 78 34 53 90 17 62
20 98 38 51 30 17 87 81 68 24
70 14 60 5 34 23 96 93 86 88
95 48 51 31 33 85 78 65 44 72
96 44 28 87 45 76 68 100 21 43
43 62 31 50 64 63 89 48 96 7
79 12 84 66 42 26 49 17 79 100
9 50 44 8 22 72 96 8 35 25
44 57 25 96 21 8 75 89 28 23
67 98 45 97 100 35 53 54 78 88
46 97 100 53 91 34 40 21 5 73
10 18 95 16 19 66 57 45 6 80
10 72 12 54 21 96 82 6 31 40
25 51 48 83 23 77 88 86 52 50
10 69 82 67 98 35 13 46 76 23
56 21 58 60 19 44 90 80 97 71
93 7 43 74 25 84 63 36 7 15
27 47 82 6 43 80 39 95 89 36
27 29 56 92 91 86 8 46 7 48
44 5 17 89 66 26 23 31 58 98
78 25 52 74 57 16 76 33 7 83
20 2 56 35 35 55 66 70 20 85
98 30 100 11 55 12 4 46 63 64
85 95 5 45 82 90 32 52 85 56
95 55 42 31 32 72 21 51 5 76
54 40 73 43 3 40 21 90 90 89
66 66 63 3 67 90 72 52 49 84
59 93 60 47 12 55 76 8 52 33
61 6 11 23 84 10 71 5 56 82
11 92 54 4 60 31 88 48 52 73
16 28 48 43 55 17 25 59 42 5
18 56 47 3 9 65 20 95 60 54
68 35 69 19 64 30 32 3 73 71
11 60 87 30 99 93 97 72 91 62
88 4 20 40 32 82 66 76 20 69
18 95 80 52 12 62 29 92 56 98
95 5 81 23 7 9 17 56 69 32
96 10 15 60 31 52 7 45 27 18
91 93 56 56 87 12 4 28 63 100
18 1 38 29 76 45 36 10 97 38
37 70 3 68 8 68 10 17 12 20
1 54 55 47 31 34 19 24 41 88
81 5 17 95 65 95 56 84 81 7
31 28 72 59 1 78 27 17 58 25
79 85 20 59 94 51 3 99 59 75
22 42 21 40 48 99 40 60 100 87
32 51 9 49 63 24 15 79 85 96
52 61 72 83 14 18 1 10 61 11
20 36 74 2 92 39 17 49 64 10
90 13 17 86 76 1 42 44 73 41
31 95 57 11 51 62 96 36 93 16
64 81 46 88 13 31 47 69 80 84
34 50 21 18 74 41 78 24 80 43
28 7 56 93 42 3 5 32 31 58
55 75 6 40 8 99 21 77 98 97
22 58 33 74 19 83 44 26 12 46
96 32 38 72 68 43 63 8 41 47
65 40 74 40 54 27 41 92 34 30
80 62 15 59 70 36 17 78 36 70
51 64 22 94 94 75 71 80 53 29
25 11 72 88 23 41 12 11 46 56
34 19 94 10 15 13 27 85 73 15
12 46 20 66 81 28 91 63 2 72
51 67 14 90 55 29 93 75 18 23
81 37 91 93 90 31 70 25 40 61
68 43 83 9 42 94 2 86 85 69
81 19 14 60 78 54 60 82 8 42
48 53 18 27 33 18 47 89 37 29
2 67 67 76 11 81 57 97 39 37
18 22 40 1 25 10 12 26 37 54
94 80 18 82 19 59 7 61 24 75
22 84 22 9 93 80 21 99 65 59
53 90 93 3 91 23 73 23 52 1
45 100 80 38 95 71 88 34 29 10
38 38 9 99 5 48 2 68 66 78
64 89 65 84 62 8 14 5 50 63
68 51 19 87 9 49 27 97 1 71
39 100 88 82 60 15 55 4 49 55
24 91 70 63 2 97 20 40 32 39
20 47 67 91 14 41 85 22 44 88
82 46 10 24 12 13 61 13 95 8
44 49 28 63 78 81 81 88 93 71
85 39 81 49 79 16 88 99 39 53
19 78 94 77 75 37 4 10 23 55
40 35 27 38 10 100 80 43 48 37
41 57 68 35 34 13 10 53 57 27
84 96 58 72 43 5 24 17 28 96
20 12 49 43 8 17 6 16 70 28
86 3 64 8 35 73 61 40 73 65
21 35 37 66 22 79 12 14 1 37
77 76 5 85 63 16 53 67 12 68
59 2 55 74 34 91 7 12 56 73
89 76 78 6 55 83 96 85 20 61
71 12 96 5 70 99 2 15 58 42
50 95 23 40 74 68 52 95 15 14
20 72 57 86 11 18 79 67 20 43
3 21 86 65 92 23 84 17 99 17
37 4 49 84 15 96 32 47 89 80
53 14 78 73 29 35 42 79 32 31
80 85 78 8 16 74 66 58 25 25
22 69 73 27 53 97 55 55 9 4
96 7 23 11 80 83 50 72 97 47
23 4 100 45 32 58 52 84 39 76
97 59 34 8 48 16 11 59 80 30
51 98 84 59 86 15 99 65 91 13
5 100 78 84 35 86 35 55 2 40
65 12 6 35 74 21 23 52 12 96
27 79 55 17 99 51 18 73 99 36
20 73 81 97 85 80 56 71 50 14
90 92 34 50 49 40 7 16 31 37
42 60 52 82 54 4 38 100 21 84
24 26 77 9 67 98 96 17 56 62
11 39 83 84 36 94 52 79 31 78
20 50 45 67 59 57 87 82 75 92
71 42 83 65 56 30 61 58 18 17
1 24 67 42 21 44 85 58 69 18
53 74 24 18 32 5 36 79 38 41
74 67 33 60 11 24 92 54 46 26
90 17 8 83 80 16 42 91 90 54
48 36 40 79 87 94 25 75 4 81
21 36 90 42 56 8 17 4 39 10
10 59 32 42 30 82 28 95 91 14
33 26 75 14 20 10 12 25 95 8
36 30 95 68 74 81 80 36 7 5
19 34 83 63 34 69 37 36 94 81
2 40 48 98 12 54 3 71 93 77
69 54 52 19 14 92 78 11 94 53
81 47 10 78 51 28 53 57 46 31
26 94 36 34 20 47 6 49 43 61
32 7 60 31 53 88 81 85 71 2
77 53 61 55 37 77 72 30 76 40
43 7 60 66 26 68 48 2 57 45
21 44 6 36 2 42 8 7 38 76
27 84 35 38 43 94 48 1 2 89
79 6 74 57 97 8 39 21 59 34
93 98 85 47 1 40 57 8 73 45
7 94 10 60 77 77 93 19 27 69
18 48 16 15 42 22 82 98 61 18
91 57 57 43 28 96 47 83 54 52
94 30 53 27 36 6 27 59 58 74
81 13 95 83 21 41 38 93 45 5
95 97 41 70 26 62 96 70 31 41
1 38 5 60 82 77 63 80 38 25
75 37 25 76 15 44 75 40 95 58
13 8 68 68 19 89 77 100 79 11
24 36 74 29 76 64 33 84 83 91
12 99 66 4 84 17 74 100 79 27
61 19 33 50 86 26 64 46 46 35
68 25 74 36 65 16 90 21 75 34
6 74 3 64 36 29 20 88 40 80
25 76 39 75 100 63 78 73 56 76
36 9 14 32 67 64 32 37 39 95
19 46 25 24 11 9 39 27 37 47
63 39 93 94 49 41 69 26 65 43
41 10 64 37 28 74 6 77 80 87
90 47 60 48 96 73 79 31 63 79
75 15 69 56 35 22 76 19 56 32
46 50 2 98 37 18 91 76 37 59
93 70 22 12 13 37 71 17 5 99
21 56 79 83 16 77 46 94 2 52
1 18 21 98 16 90 66 90 94 77
73 53 2 95 76 9 35 32 8 55
44 47 8 70 99 22 97 54 99 96
44 89 74 61 68 65 37 7 80 55
84 33 55 67 88 97 71 79 33 64
64 14 89 92 30 56 67 49 46 94
31 80 4 43 79 10 89 63 62 75
21 49 9 31 24 88 32 22 43 73
40 31 37 59 94 13 6 47 20 95
22 62 9 9 91 18 59 1 68 32
35 84 33 27 27 74 10 21 85 11
96 52 95 52 50 25 49 90 42 23
63 31 45 16 92 48 62 46 100 37
8 43 64 91 78 90 91 73 59 66
80 16 2 26 6 35 18 74 56 5
64 23 25 100 39 9 79 54 81 75
41 49 37 40 36 38 8 69 43 92
7 99 1 58 38 85 79 28 85 10
98 31 10 87 98 5 16 97 64 96
80 96 62 35 67 67 9 96 55 7
59 58 9 10 34 66 23 33 97 63
10 26 33 95 6 71 99 78 51 95
16 22 36 17 34 45 66 32 25 8
35 91 72 36 83 75 66 53 100 11
58 32 79 18 73 60 77 48 33 69
61 33 1 12 18 95 62 3 75 53
34 60 70 60 45 87 12 62 54 26
86 45 73 100 27 42 92 70 52 81
31 43 100 65 59 82 54 19 23 61
8 34 25 18 94 94 77 39 71 29
65 73 5 29 61 91 37 72 85 18
9 59 99 67 65 36 97 88 4 33
73 43 42 51 77 48 84 37 56 95
22 54 71 81 51 9 29 2 61 80
94 40 9 64 89 27 18 8 19 94
42 32 18 87 39 12 69 18 5 71
17 51 15 10 39 59 52 75 66 18
31 91 30 48 74 57 90 65 81 80
25 29 60 53 13 40 22 47 50 34
27 77 73 41 26 100 93 45 63 42
82 14 90 25 33 21 81 50 100 35
30 44 42 10 30 46 38 84 39 86
86 15 3 13 42 74 64 63 20 5
87 70 64 25 93 92 13 22 93 16
6 89 15 41 98 51 47 41 72 63
42 25 26 29 58 88 63 55 100 32
67 40 44 47 22 91 6 87 80 100
28 4 65 56 6 92 90 21 2 90
93 37 46 61 67 83 73 4 48 90
39 88 91 30 53 56 63 16 25 20
41 62 21 6 94 37 5 88 86 56
91 64 71 41 69 33 53 79 56 44
45 10 7 64 15 84 2 86 12 98
31 14 58 64 91 36 40 80 25 51
74 64 37 13 56 66 83 71 52 38
73 23 18 73 78 25 52 17 25 22
37 3 93 91 17 70 80 2 57 1
4 59 61 22 80 6 97 31 19 78
35 20 87 69 49 15 53 90 64 19
41 91 41 66 74 81 32 47 14 49
48 72 11 38 40 32 96 54 22 68
74 65 41 88 14 86 27 46 11 1
35 99 55 51 14 46 89 45 53 11
6 87 48 64 72 94 59 11 6 59
42 31 75 97 70 10 67 20 49 50
77 37 90 1 64 3 100 38 43 95
3 75 61 31 98 28 87 57 36 97
81 86 50 56 2 50 68 67 16 68
6 10 34 16 3 38 58 67 88 65
67 31 19 77 56 86 83 8 47 85
86 20 28 25 92 13 94 37 54 55
53 9 51 36 94 26 56 75 12 43
1 36 31 76 5 83 5 64 26 7
58 53 35 7 83 28 51 83 12 7
17 26 92 43 99 75 16 73 86 98
24 96 15 67 50 55 100 63 5 98
61 65 76 69 56 70 67 93 11 88
19 22 22 83 72 34 95 81 44 94
42 98 76 14 32 98 68 20 52 35
51 74 40 55 13 75 44 67 2 69
33 89 55 46 82 93 44 8 30 99
35 84 19 75 90 59 52 21 59 35
46 4 31 12 58 55 9 38 51 64
33 47 86 87 75 61 20 91 62 71
96 99 47 15 69 53 17 48 74 33
22 96 47 14 90 4 9 51 53 63
39 85 92 48 81 97 53 2 15 63
26 45 15 97 33 67 3 89 29 100
98 88 82 47 98 25 54 15 90 5
83 55 5 85 47 76 31 82 79 71
97 71 46 78 48 52 2 34 70 22
14 45 59 57 25 9 4 36 79 97
10 61 79 49 10 63 17 42 11 31
80 73 64 87 66 25 56 100 82 47
45 84 63 57 96 25 4 86 40 37
83 53 28 100 54 50 36 20 60 76
69 17 50 24 5 22 74 17 84 80
47 16 82 15 63 91 15 33 86 67
56 25 83 14 50 66 69 18 76 1
21 79 68 22 41 91 76 3 44 16
19 77 12 37 90 20 6 66 12 60
87 16 43 86 63 39 23 14 3 19
30 9 83 76 82 43 91 19 22 58
66 57 67 24 93 33 4 86 5 54
24 70 32 61 21 67 11 77 53 37
15 29 12 93 48 77 89 63 52 65
98 25 3 70 97 42 75 84 9 83
74 35 58 59 28 42 38 12 23 9
91 73 67 35 98 87 69 75 48 77
58 89 43 18 10 75 8 9 78 40
12 89 96 14 13 70 42 69 91 46
34 74 98 82 85 25 60 21 85 82
11 89 23 16 13 37 36 42 20 61
84 2 23 40 38 3 4 73 35 14
97 12 81 19 41 89 54 52 79 7
35 31 94 58 54 5 29 25 13 43
50 89 25 41 55 35 56 16 94 20
74 68 90 36 10 59 9 53 48 56
64 18 39 50 80 61 24 62 33 92
57 80 97 59 77 34 79 26 85 99
67 62 89 33 80 13 64 70 40 19
39 35 23 40 51 65 82 70 64 9
20 25 7 31 64 21 19 24 4 59
71 90 35 29 66 96 48 94 86 56
66 91 72 53 78 77 53 20 71 58
69 96 23 100 83 15 93 9 73 42
21 1 39 92 68 96 37 33 32 91
26 42 86 42 27 53 18 4 17 100
7 95 37 36 6 56 12 80 71 68
22 100 99 18 59 18 41 29 95 85
80 50 21 94 57 56 6 16 70 67
32 79 76 9 64 60 53 53 68 89
43 51 74 11 76 46 64 68 57 7
41 86 46 77 22 78 36 72 19 38
92 37 49 64 73 52 96 13 69 37
44 88 76 85 57 53 8 2 96 62
89 91 56 10 30 86 15 51 16 16
49 14 84 63 16 86 63 54 83 82
39 5 10 63 79 18 41 5 67 16
97 21 24 74 82 57 53 57 95 77
35 9 8 19 63 50 79 74 53 64
29 1 83 27 71 98 46 42 57 51
81 99 10 59 27 9 53 95 70 29
42 10 22 14 18 44 33 91 37 10
53 23 68 21 21 48 3 4 91 5
77 31 90 85 76 100 92 52 97 88
36 13 13 34 55 29 96 48 89 39
94 58 78 92 5 75 90 66 56 4
7 100 97 37 54 44 16 38 61 79
64 17 87 40 28 66 99 79 19 27
65 15 46 88 10 11 67 57 26 65
57 97 75 13 71 24 94 10 55 97
74 76 94 47 56 56 90 84 6 18
20 100 72 46 72 67 9 58 49 54
52 34 59 15 24 18 74 86 43 16
71 99 34 47 62 5 39 49 67 21
27 37 12 94 32 90 1 35 29 24
47 43 52 65 23 52 57 64 18 90
75 14 89 11 96 77 88 20 90 57
38 20 75 28 82 60 4 92 13 10
65 96 91 40 82 57 3 25 44 67
49 73 95 16 8 63 14 15 80 28
60 82 19 60 84 48 31 43 72 100
35 64 78 17 76 8 82 27 8 61
39 10 51 33 70 39 3 81 22 97
67 70 12 32 66 49 76 88 13 6
95 67 38 40 90 94 77 94 14 44
60 90 29 82 18 35 29 66 83 87
2 83 1 32 37 61 59 6 51 100
21 27 85 84 4 18 17 42 32 69
70 92 99 66 44 53 97 84 38 6
22 82 70 69 47 97 99 41 36 38
30 76 82 43 59 25 67 16 20 84
72 76 79 99 82 50 51 70 64 30
71 44 24 94 10 31 56 86 77 79
24 22 49 1 39 70 29 37 82 84
74 20 84 88 11 49 20 88 97 48
41 38 78 57 58 9 63 69 22 63
39 1 83 98 6 51 52 93 34 4
73 83 8 92 5 53 38 24 90 72
54 7 17 13 19 75 5 37 1 23
40 91 8 35 88 69 36 82 93 35
67 56 86 59 97 29 94 4 66 68
84 43 7 73 14 17 53 88 29 32
87 96 41 58 3 52 8 49 71 25
46 48 60 96 50 20 40 10 11 82
19 82 24 89 28 57 48 63 19 70
94 9 36 88 94 28 55 31 93 59
31 30 36 18 93 46 52 5 99 35
2 100 73 52 75 31 33 64 20 7
21 3 61 85 38 52 75 66 15 66
34 12 6 22 1 86 37 36 24 65
21 61 47 64 39 100 98 24 74 77
7 58 70 28 63 12 31 99 76 62
42 64 4 84 24 61 29 69 75 75
42 49 41 4 64 33 98 68 97 9
84 44 47 31 53 36 86 12 88 24
84 6 23 54 84 34 21 24 84 21
22 19 36 31 67 62 36 92 99 31
79 62 15 42 97 22 36 35 93 23
63 9 17 61 27 42 83 60 84 35
48 28 56 74 9 76 73 51 53 40
11 73 20 64 64 54 92 93 98 83
1 87 98 90 98 74 94 47 19 17
88 17 21 77 30 60 80 60 56 61
29 44 24 61 98 53 27 51 74 66
36 5 4 3 38 69 29 47 16 87
86 60 20 16 86 25 34 57 14 40
28 44 94 78 21 47 14 30 49 94
15 30 12 90 46 31 4 22 61 46
9 41 94 62 46 33 58 78 67 89
36 25 78 65 43 23 34 38 5 62
24 42 31 38 11 61 2 54 90 97
94 88 46 21 73 10 99 55 79 24
5 43 49 46 28 88 6 76 51 94
2 29 60 81 22 30 96 59 20 25
18 30 34 80 14 99 30 26 96 69
59 1 51 32 35 12 87 35 97 53
63 80 58 79 49 38 19 45 81 33
93 42 92 82 21 81 31 14 78 38
82 32 84 30 44 65 45 55 31 25
30 74 9 97 34 25 8 4 44 60
26 82 66 76 65 82 6 85 55 58
43 46 31 41 65 64 60 56 17 61
6 44 95 49 23 43 11 48 8 70
88 43 4 89 76 64 59 28 54 65
60 26 43 1 81 31 41 77 75 4
26 74 71 18 64 39 27 64 92 20
59 99 81 80 54 55 54 89 66 56
64 85 81 24 80 74 87 72 56 24
22 82 71 16 19 33 81 75 38 10
5 95 19 61 67 92 1 28 87 70
62 94 45 9 28 10 38 68 70 99
2 33 84 8 18 51 33 42 69 45
13 68 29 83 46 87 48 21 39 16
12 60 33 37 14 13 77 11 53 48
100 74 56 54 96 39 86 48 97 33
34 79 23 29 63 31 30 49 15 70
17 81 29 6 75 32 7 3 58 60
91 26 36 82 87 10 6 67 84 70
9 95 75 31 11 70 87 20 96 47
29 1 63 85 94 72 61 35 66 81
100 69 4 7 39 38 6 30 80 55
29 33 54 29 44 75 62 41 57 39
11 88 28 60 95 85 7 85 50 19
45 64 89 100 69 69 48 50 56 8
90 31 64 61 94 73 87 30 47 60
66 74 93 81 1 89 16 100 14 1
23 34 3 100 18 62 17 71 100 62
46 44 100 47 50 37 94 38 29 30
60 15 23 41 73 57 95 72 3 76
89 21 93 36 48 65 5 65 14 17
46 47 66 93 30 95 95 75 15 69
42 90 67 78 48 5 95 16 63 23
21 87 84 15 51 22 45 35 100 35
46 97 68 82 72 71 44 43 42 31
46 86 28 32 29 57 89 12 10 33
31 85 63 3 41 44 20 19 65 59
17 40 25 19 73 87 71 68 69 66
39 44 78 62 30 84 26 74 12 16
94 44 96 45 68 92 41 26 75 28
91 84 34 11 63 36 72 91 9 69
26 53 9 47 77 16 65 26 25 74
73 46 94 44 7 8 27 98 47 36
67 46 73 25 94 79 66 44 74 50
90 21 58 74 82 70 30 41 35 34
4 51 30 41 11 91 64 12 11 6
71 87 44 36 100 58 92 48 45 12
31 85 77 88 30 80 39 36 19 30
74 96 13 13 67 63 45 8 20 42
99 26 69 40 39 35 32 32 20 9
4 8 82 99 42 95 75 64 55 100
59 57 98 5 74 73 5 24 50 28
35 14 23 4 12 7 23 30 22 12
27 77 34 57 49 3 56 46 40 80
17 10 49 89 22 6 81 22 90 62
81 85 89 75 31 24 16 4 77 86
54 90 77 37 65 78 71 96 49 69
55 97 23 6 4 21 65 83 27 66
5 70 64 66 60 51 96 50 51 55
100 35 66 68 82 91 95 48 99 96
16 34 81 49 26 70 61 72 10 21
8 40 7 36 90 87 85 30 81 29
43 70 2 50 61 22 74 22 80 26
38 62 4 79 69 49 8 29 60 18
98 98 36 77 89 84 56 80 3 15
61 49 69 61 22 38 55 52 63 83
78 41 7 36 88 29 79 25 86 38
82 65 14 79 41 4 85 64 26 77
56 6 44 31 30 75 60 60 11 77
9 74 74 85 10 12 1 65 20 44
16 75 55 28 86 99 65 71 42 74
52 40 90 53 36 74 97 79 14 45
63 74 63 84 80 7 33 44 7 34
9 44 44 65 40 96 59 36 37 70
85 7 12 5 77 9 42 78 72 97
70 6 93 82 65 24 26 56 85 25
33 10 29 44 81 44 26 40 84 65
76 59 36 67 88 20 34 99 41 12
1 32 83 36 61 69 76 92 77 77
84 41 42 54 94 39 16 17 41 36
47 93 70 18 65 33 85 29 62 44
86 21 33 24 21 73 90 11 48 1
81 52 36 94 97 53 22 76 78 26
48 27 89 87 33 19 17 77 68 75
84 76 89 86 41 58 19 67 79 46
64 57 56 4 16 59 21 27 19 29
71 98 85 85 16 65 7 45 47 21
22 57 85 87 98 20 59 75 75 6
51 31 38 7 76 30 59 37 82 100
95 32 25 49 71 57 37 60 2 30
58 35 74 70 31 53 85 34 59 9
69 32 65 18 51 55 12 50 41 92
6 89 79 94 1 86 50 61 38 80
60 99 68 78 32 53 40 26 35 49
5 23 35 61 81 50 77 84 60 5
41 80 55 93 75 68 44 45 79 69
62 31 70 56 96 20 28 77 65 96
34 80 18 33 53 73 74 3 80 2
79 2 81 80 87 68 18 41 12 42
88 1 54 60 27 62 76 10 7 8
100 57 2 94 14 74 49 14 33 56
4 57 99 22 14 84 25 76 78 72
86 33 79 4 90 8 54 67 91 100
78 84 76 51 3 81 52 6 12 34
49 13 10 92 50 65 57 31 37 90
22 65 95 65 11 97 59 74 81 9
68 84 17 6 79 48 56 24 35 7
11 5 72 1 62 33 87 94 70 30
27 11 51 98 87 97 2 58 81 82
6 76 77 91 20 48 56 69 58 16
41 6 42 56 59 17 86 88 8 23
2 78 42 81 10 67 59 37 8 70
93 40 94 57 30 35 61 18 25 67
90 75 6 5 16 100 54 99 55 32
43 51 77 51 71 32 90 64 55 76
68 34 42 66 73 34 41 26 24 71
83 10 95 87 8 65 55 94 17 85
99 95 74 57 42 95 68 78 87 51
5 90 48 11 21 14 24 18 64 49
79 41 11 49 67 8 20 86 94 68
12 72 85 66 39 58 62 25 92 13
58 89 93 3 39 30 87 61 61 48
58 4 16 35 37 89 86 10 73 99
21 89 77 79 36 56 97 50 72 34
15 3 23 95 7 1 12 31 42 53
1 84 68 27 60 70 3 22 12 7
25 26 91 67 91 15 80 15 75 12
95 25 60 87 96 81 59 87 77 7
97 41 17 64 67 36 46 24 32 72
57 46 71 66 12 71 29 6 29 13
50 53 55 65 73 42 21 21 1 7
60 89 45 93 70 82 76 46 51 40
5 65 56 39 33 9 55 96 59 33
60 14 84 23 35 77 57 42 53 4
100 64 31 78 80 23 73 46 70 31
7 46 44 45 93 13 63 49 93 81
84 59 92 67 49 91 94 56 14 49
14 75 12 64 17 17 26 92 63 9
73 70 65 9 82 16 44 81 50 68
38 28 5 34 82 41 33 17 23 60
90 19 94 86 96 93 47 16 74 74
84 85 39 9 94 85 47 39 81 84
43 56 70 46 58 85 48 84 21 33
45 79 78 82 77 52 96 9 54 14
54 64 17 58 92 49 71 57 64 81
51 36 57 82 78 48 15 22 54 100
86 79 50 42 91 59 60 78 89 73
35 81 67 7 47 85 65 70 67 4
9 73 29 19 27 27 17 1 75 5
16 30 35 76 89 72 34 60 55 73
9 81 59 64 39 99 16 45 27 35
10 68 18 33 97 56 41 78 32 55
91 51 77 50 38 7 42 11 23 91
57 94 29 1 22 7 23 41 12 13
10 24 39 39 82 90 42 40 66 64
73 44 11 37 47 84 95 28 62 65
62 18 56 22 21 96 56 84 100 61
35 59 54 13 84 83 50 53 46 8
44 9 72 87 34 44 36 12 79 41
60 46 56 93 6 85 62 4 8 30
63 30 59 62 99 43 39 100 80 20
38 29 68 25 27 38 43 85 64 46
30 53 48 41 86 61 99 96 96 18
40 5 67 52 60 54 33 70 68 90
21 94 35 30 44 75 10 62 77 22
15 45 68 93 66 76 50 37 27 50
98 99 70 45 5 30 72 93 73 87
29 19 3 97 5 39 96 63 3 1
12 5 90 25 93 72 38 60 63 81
33 7 93 13 7 36 79 38 23 13
35 69 97 71 76 21 44 39 29 95
61 6 75 38 53 6 31 4 56 30
97 99 23 67 73 11 40 43 4 69
52 15 48 35 47 91 36 96 49 31
2 70 58 63 59 37 9 21 78 93
18 93 68 47 67 19 67 64 36 48
58 14 16 43 90 8 10 65 51 96
81 100 45 42 73 16 56 76 92 92
26 24 96 46 9 58 22 22 47 33
77 84 66 100 99 66 49 7 69 56
23 9 45 65 74 4 66 70 53 44
38 65 42 61 43 5 72 51 20 14
45 89 64 13 51 83 51 10 50 76
46 85 23 20 45 99 75 44 32 36
22 59 25 1 94 48 60 78 22 22
31 74 32 46 15 3 1 21 87 17
36 47 72 89 8 38 73 98 96 27
59 49 15 2 6 3 3 24 24 11
10 33 12 10 41 98 13 78 95 29
50 47 69 84 63 46 24 88 76 39
79 38 42 84 52 42 42 63 32 67
98 6 52 28 32 57 80 63 56 74
78 58 64 45 68 55 54 48 37 85
28 15 36 99 36 96 82 70 77 97
89 10 36 24 98 39 28 25 82 59
82 17 3 10 53 45 62 3 40 80
97 68 1 12 63 65 35 85 21 68
30 13 87 37 69 90 32 47 30 70
31 20 68 7 73 37 93 62 90 38
45 70 13 69 36 38 16 57 87 74
36 44 57 71 99 69 38 86 50 100
34 89 89 26 41 30 81 51 74 21
97 65 100 63 88 99 16 37 27 88
45 18 35 89 93 79 7 79 71 4
40 62 4 43 19 21 43 17 42 83
41 78 7 82 29 74 83 97 59 21
96 21 9 82 46 37 98 4 60 32
87 39 80 16 96 81 52 89 64 36
46 34 16 97 76 11 53 42 24 15
96 78 74 24 4 97 30 33 67 82
35 77 72 40 75 16 25 47 52 61
44 90 55 15 83 86 61 1 64 80
48 33 30 35 16 69 62 97 9 65
28 66 66 51 10 11 2 75 58 67
48 40 47 67 1 24 81 61 61 62
100 8 71 17 99 98 3 86 52 95
27 53 17 37 86 69 77 98 58 92
35 57 46 53 59 2 18 85 40 18
22 86 34 33 1 54 17 15 91 99
4 25 8 63 6 72 39 59 94 72
35 99 18 88 16 29 54 17 76 11
70 59 54 5 55 91 75 1 96 80
6 80 2 80 82 46 11 9 37 4
60 82 87 43 9 70 40 64 15 56
3 43 63 28 73 89 53 4 5 51
56 57 17 5 29 25 27 63 52 54
35 82 81 74 55 27 26 56 18 65
66 76 45 30 33 78 18 20 43 3
47 31 59 49 52 63 11 18 89 36
47 93 69 24 54 6 21 33 13 58
96 98 24 52 40 50 98 40 11 98
3 84 7 45 53 52 12 36 49 43
45 13 46 91 100 95 52 39 90 92
93 56 96 35 80 11 25 38 45 70
98 48 27 21 7 23 93 91 74 20
59 71 10 45 28 47 55 69 24 88
15 86 59 28 76 90 38 6 84 83
65 74 37 63 6 25 43 20 71 76
60 15 88 2 84 80 21 80 42 38
3 14 68 49 58 19 70 48 36 36
24 23 11 59 63 88 56 16 15 79
50 96 77 72 4 39 8 79 62 13
50 37 13 87 31 46 83 64 93 48
91 99 82 98 21 45 71 85 96 94
78 94 79 83 75 62 24 21 8 77
74 32 84 16 81 63 90 73 40 42
85 46 83 44 51 56 77 7 64 29
15 100 82 27 54 9 88 15 65 73
6 13 42 37 67 78 4 15 8 62
22 1 21 77 20 32 65 68 34 37
27 31 40 100 66 90 93 27 67 96
52 84 43 79 15 79 90 1 14 71
21 99 91 38 30 22 8 23 29 80
51 13 33 71 49 66 17 64 31 19
76 43 95 67 24 73 19 35 57 13
97 61 80 43 79 15 54 33 39 8
9 83 69 73 97 23 12 76 1 27
39 46 64 92 2 56 89 43 85 65
59 16 9 39 7 26 24 4 6 66
3 67 53 11 40 94 29 25 35 18
80 83 7 82 94 13 81 96 40 21
10 67 41 5 36 27 55 97 11 23
54 45 16 71 12 66 59 44 36 84
47 49 33 3 23 29 86 29 58 33
35 25 40 79 75 33 96 45 78 34
48 20 90 31 62 1 39 43 96 6
18 85 31 43 92 46 80 79 10 33
54 4 59 39 24 71 43 38 22 40
23 5 40 55 74 27 62 41 8 36
24 80 44 92 50 48 3 98 38 11
5 92 19 74 80 69 15 63 71 39
10 38 13 16 15 50 87 22 28 96
85 12 11 82 84 82 89 27 19 31
66 28 8 47 82 61 41 50 83 22
57 66 70 43 76 37 58 86 34 63
42 10 82 63 3 96 13 69 97 59
77 9 92 62 32 63 77 14 33 83
100 61 22 100 86 5 60 3 82 55
5 15 22 94 46 27 46 11 18 25
12 27 45 49 65 59 89 31 10 60
76 30 10 41 11 68 98 82 34 12
30 27 86 4 82 13 8 96 78 29
24 4 52 54 94 13 81 44 67 61
44 40 66 23 51 16 32 62 55 38
63 36 45 93 32 71 46 20 28 52
32 68 92 40 53 49 47 85 72 86
11 3 37 31 73 42 98 39 18 92
9 4 61 27 15 19 16 57 61 37
7 91 32 17 10 40 95 19 57 39
27 14 69 75 15 33 96 75 27 57
61 83 95 94 64 50 68 66 61 48
30 56 69 34 6 1 28 25 2 82
31 34 56 6 26 74 33 63 46 74
91 94 50 57 61 3 31 22 44 29
4 29 65 88 57 81 94 21 69 31
46 50 25 8 43 27 23 52 25 71
60 23 88 66 19 99 61 70 55 58
14 57 8 11 93 19 52 38 83 21
100 85 46 38 96 93 70 77 70 13
96 45 95 12 97 61 35 59 3 58
76 16 84 43 4 29 33 97 71 23
90 93 41 76 49 72 98 42 42 71
81 18 10 45 70 93 70 95 67 25
3 45 4 98 83 77 4 36 23 95
57 96 75 4 61 42 35 6 37 55
74 61 67 12 35 77 96 88 20 27
9 92 11 86 3 92 6 40 79 77
27 40 38 40 2 64 35 87 63 53
97 82 90 7 70 30 39 89 53 33
6 79 24 68 69 64 10 87 56 11
38 72 26 7 59 74 68 40 41 35
80 63 38 51 57 89 87 24 87 2
53 21 60 79 33 90 49 99 44 75
5 77 22 83 58 42 82 13 94 15
34 69 71 64 7 18 6 53 23 9
6 81 68 36 57 84 58 24 55 22
29 81 14 31 91 66 35 28 21 88
81 57 75 45 89 61 1 71 20 31
7 26 93 84 14 81 40 52 69 63
64 20 87 18 65 48 30 63 34 20
96 47 11 36 47 4 25 38 31 40
8 28 76 28 8 87 43 20 1 80
64 32 30 87 80 20 74 85 43 30
25 56 22 77 59 17 44 82 3 70
8 12 33 13 68 63 75 53 73 6
1 52 67 97 7 12 21 4 43 97
100 67 74 5 55 66 13 57 61 55
55 45 75 11 12 53 50 87 94 38
100 9 42 5 8 27 44 83 94 30
1 35 86 65 56 52 50 39 80 28
67 66 56 3 58 56 53 54 96 80
17 58 22 1 26 48 61 84 82 18
15 21 53 84 89 55 32 81 4 56
31 92 47 35 77 18 20 82 24 60
97 44 18 43 80 39 10 100 34 24
67 15 85 25 34 24 82 86 29 57
42 81 76 64 15 100 36 83 57 36
18 77 21 51 82 15 96 83 54 72
71 44 66 23 50 21 33 54 48 85
97 13 31 55 63 87 62 18 89 75
76 44 29 63 71 69 69 49 74 39
38 98 37 48 9 92 22 14 3 24
3 7 55 58 47 5 39 6 96 92
24 4 84 23 8 32 3 74 57 14
90 23 54 57 67 23 97 21 70 82
21 51 86 12 91 55 68 96 14 77
50 27 80 60 11 31 50 53 93 9
89 74 76 79 77 18 80 3 22 96
70 45 15 41 68 68 67 46 99 51
76 23 16 26 49 43 69 66 37 34
76 26 46 8 93 64 24 91 54 29
17 66 87 12 25 49 7 83 48 26
19 9 24 36 7 65 36 81 11 29
56 78 84 94 14 64 75 78 32 68
31 12 11 82 72 36 45 20 33 1
29 71 42 53 24 73 60 50 19 31
80 9 44 26 38 95 11 33 16 5
72 98 53 44 1 32 10 11 37 50
33 76 69 14 19 64 70 60 14 56
34 8 50 18 49 54 87 87 36 99
16 58 42 99 48 6 99 75 95 98
93 8 26 39 79 12 62 11 4 73
53 11 59 55 95 81 22 41 91 17
29 74 27 50 34 82 69 75 43 18
4 96 5 30 8 63 27 4 29 90
21 12 35 26 36 37 12 42 22 19
55 22 45 59 77 1 96 19 52 81
92 53 90 51 2 69 84 51 96 50
7 71 37 1 27 56 77 86 62 4
55 72 100 60 69 72 38 13 50 45
33 7 39 14 63 26 60 67 33 91
89 45 54 1 96 4 20 70 21 16
92 51 84 52 35 22 28 3 18 14
86 66 74 72 76 97 36 50 71 48
67 81 54 53 67 68 46 93 86 42
64 36 89 7 3 98 16 9 30 92
4 66 35 32 1 64 36 93 32 21
100 88 33 2 32 70 18 23 5 38
80 100 42 7 17 12 70 87 25 98
28 94 5 61 94 7 12 10 12 37
39 42 56 11 64 84 62 23 88 67
23 65 81 98 7 7 59 92 64 18
50 9 38 97 99 82 61 86 19 34
1 76 33 15 18 91 26 60 88 1
62 66 55 63 90 80 66 67 90 78
54 41 36 22 36 57 71 71 44 11
6 38 5 84 27 3 29 28 23 37
68 12 41 86 40 39 63 22 10 96
18 71 88 67 38 2 14 88 60 44
55 64 54 18 37 26 11 24 38 100
62 57 73 48 71 8 90 27 79 86
2 48 92 100 61 76 95 36 34 82
30 79 68 26 62 99 28 90 96 28
65 99 56 54 39 46 18 100 60 20
69 64 16 78 58 65 37 80 39 80
90 26 54 28 70 53 19 75 79 41
62 95 2 58 24 32 44 16 63 48
24 60 86 35 34 14 50 14 44 2
38 7 44 3 96 47 8 6 100 29
82 96 17 8 6 48 20 17 45 40
98 84 99 12 86 70 91 66 95 8
16 27 9 46 75 45 82 16 62 73
80 1 23 80 82 42 75 35 29 21
96 30 11 100 53 19 82 43 56 19
65 9 100 35 26 74 18 24 1 16
95 93 86 89 95 8 88 20 71 90
39 85 34 11 62 61 41 48 77 90
11 50 86 6 45 41 41 87 60 74
25 85 98 8 38 100 15 60 30 12
49 83 21 77 13 90 94 71 69 83
14 60 2 61 5 96 31 55 24 34
88 94 35 57 58 85 7 79 35 4
19 2 73 94 99 19 90 45 23 53
89 13 1 81 9 86 12 34 12 51
71 34 98 23 39 35 93 24 49 28
14 33 63 63 5 30 74 28 93 23
51 20 76 13 80 7 58 65 59 91
69 27 98 4 52 24 4 85 66 40
66 32 88 45 78 99 79 49 1 94
19 30 45 41 24 41 52 22 86 48
79 96 24 49 100 95 77 55 83 43
61 70 49 34 44 11 9 31 94 31
6 88 29 38 91 67 38 26 37 53
95 49 73 94 36 49 56 20 57 22
84 90 100 58 1 34 90 10 74 40
48 50 6 61 74 81 12 26 52 87
53 78 73 33 91 74 72 80 64 24
53 73 29 27 46 47 18 13 25 12
70 36 54 15 49 67 4 80 82 5
80 97 9 9 16 6 33 98 12 12
7 40 2 54 54 57 21 25 29 75
30 100 65 34 40 60 51 19 22 93
42 5 69 69 100 1 38 92 8 53
63 68 42 6 3 26 27 22 14 60
2 44 99 55 6 96 83 95 78 14
61 26 62 97 14 60 87 39 87 32
80 84 16 73 9 58 44 99 28 29
28 19 17 93 20 99 18 71 33 1
61 6 6 36 98 75 54 12 16 44
5 37 24 11 49 7 22 7 94 4
77 87 31 95 9 25 86 3 87 70
41 95 76 82 100 41 84 98 63 90
20 2 32 4 12 65 86 68 23 12
2 77 73 32 15 65 15 96 32 13
57 8 23 13 43 71 74 68 38 89
4 57 43 85 27 61 31 64 3 100
44 48 13 58 16 89 47 32 19 48
57 34 16 11 67 36 18 35 17 93
37 66 78 75 71 45 38 37 86 4
16 30 22 78 51 60 51 13 22 78
61 5 64 12 62 45 66 32 78 26
98 75 9 97 92 86 14 81 32 76
96 39 57 27 68 100 99 70 7 97
51 39 12 9 45 14 23 39 38 86
75 43 14 72 88 36 78 37 25 70
49 28 41 11 78 100 79 76 33 14
18 6 28 48 21 24 80 63 39 54
81 58 60 6 47 46 76 74 41 86
39 86 39 46 22 25 46 18 43 57
89 31 64 66 76 85 29 48 54 75
33 9 82 41 54 44 73 51 17 46
29 96 18 12 54 68 19 73 21 100
100 58 7 82 6 100 66 89 57 83
31 39 24 65 25 6 82 39 78 40
40 92 72 76 24 94 6 94 83 49
35 16 33 91 92 56 94 76 70 82
55 54 55 59 7 67 85 5 95 16
92 65 6 66 59 2 58 91 12 20
30 65 66 5 53 37 73 13 31 55
2 12 66 4 16 75 14 36 58 99
91 1 86 23 80 12 63 64 100 22
28 91 12 48 75 22 88 45 92 36
60 17 25 68 84 87 6 26 43 48
7 68 56 89 7 52 7 64 28 7
97 11 46 43 20 63 61 4 99 88
53 99 55 33 94 14 51 68 29 18
25 62 57 29 86 48 75 83 68 33
52 88 20 91 26 8 83 14 26 99
1 62 62 50 83 45 42 64 85 12
87 50 99 6 33 91 90 17 2 30
97 99 13 93 18 87 58 41 27 36
70 29 7 20 21 83 5 5 94 74
50 23 71 85 63 75 82 26 22 79
51 50 94 91 47 95 55 30 76 28
80 44 45 40 79 23 39 76 55 40
83 98 9 2 78 60 31 54 2 25
99 93 16 9 23 26 76 93 77 94
7 82 44 93 39 48 77 73 65 41
90 100 57 64 81 81 41 51 82 68
75 60 24 6 17 53 8 52 9 38
23 58 3 84 88 23 94 7 26 61
53 76 59 58 48 63 63 64 72 39
50 14 73 43 87 92 21 53 100 26
66 53 88 14 2 79 13 42 100 23
94 68 80 95 54 68 28 51 97 33
16 51 43 29 50 8 92 42 2 18
37 100 18 24 57 44 23 69 86 98
13 97 99 6 38 90 29 15 85 30
15 50 8 53 20 93 62 72 49 40
60 43 21 99 72 49 8 48 16 53
49 32 41 10 42 1 76 17 59 60
53 91 34 26 36 99 85 36 36 5
95 54 53 34 74 64 5 43 100 40
2 25 91 53 29 58 36 22 73 22
82 7 73 76 26 98 2 18 8 80
20 78 41 79 80 75 29 73 100 61
75 11 31 54 23 79 30 84 73 76
100 33 27 14 55 67 1 84 67 87
22 21 87 38 14 26 95 53 49 88
1 81 32 10 82 32 86 75 81 11
1 70 76 8 57 60 11 83 57 19
13 31 38 23 65 54 97 72 70 16
39 28 61 89 13 4 1 21 42 94
15 35 72 17 81 82 77 59 72 16
22 90 93 47 96 8 6 34 84 32
37 50 45 15 60 100 86 75 56 49
24 38 37 23 5 39 48 53 31 33
6 37 45 31 9 48 49 42 16 87
22 54 73 74 34 67 58 27 28 42
37 19 56 10 43 64 82 86 76 68
45 10 69 92 12 40 46 65 77 7
22 83 61 78 42 41 86 58 76 55
50 18 66 53 51 91 34 86 42 17
67 20 7 99 29 96 44 62 65 51
60 34 52 38 97 2 39 44 57 57
10 46 89 32 89 27 88 20 48 16
54 36 28 57 48 85 21 70 10 16
21 35 18 60 31 63 22 24 4 75
32 85 97 25 95 35 20 70 11 24
84 30 47 23 28 27 36 28 54 18
68 58 43 68 64 17 76 83 56 29
53 82 88 54 20 86 49 82 27 10
31 43 88 49 41 41 59 71 22 78
33 91 1 7 67 84 95 49 24 100
17 19 99 41 28 52 6 67 69 59
56 80 72 17 3 96 53 1 74 52
94 32 77 83 100 87 12 79 10 27
97 60 18 80 84 41 64 48 43 21
10 10 73 10 91 68 90 22 60 89
90 73 12 31 56 68 68 85 81 15
93 42 70 8 59 14 3 10 45 25
97 6 82 49 31 36 29 16 99 3
29 60 32 40 3 31 20 63 79 92
17 67 83 81 60 9 26 88 40 78
51 34 66 77 81 86 35 82 39 11
81 47 47 60 44 90 42 98 22 65
72 83 27 82 60 62 19 31 23 43
93 20 71 55 18 79 56 58 75 55
65 53 57 21 82 27 3 99 38 83
97 5 100 32 15 27 1 29 81 91
45 32 94 76 1 87 2 51 73 40
28 11 74 93 44 64 30 1 93 95
25 85 77 79 77 60 56 46 58 39
84 71 36 39 26 54 47 73 21 26
30 36 26 12 70 28 37 88 71 40
27 19 92 37 77 32 78 53 63 2
92 40 23 89 64 23 98 15 64 23
18 75 68 25 33 11 16 6 100 31
24 76 54 69 31 1 84 24 33 52
27 2 64 70 16 82 81 90 4 98
41 1 56 6 90 88 82 5 71 100
80 11 17 33 56 80 25 51 52 4
72 71 50 82 3 75 80 86 24 42
24 6 31 31 91 18 95 3 20 14
70 62 56 2 77 26 26 61 25 68
46 70 85 83 86 38 49 43 89 5
7 62 60 12 47 36 48 100 84 71
84 7 71 94 19 15 23 34 97 48
39 66 5 17 59 55 18 60 21 40
70 25 34 29 31 26 17 98 70 22
79 9 49 36 46 9 18 29 85 35
40 42 67 73 90 73 9 52 39 49
7 70 31 18 79 47 1 1 32 14
93 70 45 2 68 51 3 76 62 73
47 13 31 62 40 74 63 39 40 32
68 64 20 33 42 21 20 86 85 49
39 50 22 24 37 44 82 90 97 25
65 34 83 45 86 9 73 97 52 83
88 82 51 5 43 50 79 24 80 38
90 27 74 43 66 18 44 83 74 9
84 69 91 73 82 74 65 70 44 84
8 34 21 71 56 75 40 5 34 25
32 65 59 97 3 60 12 81 15 6